1317354639.832871 0.000000000 0.000000000 0.000000000 -0.000000000 -0.000000000 -0.000000000 1.000000000
1317354639.936992 0.081816055 0.023762671 0.391523391 -0.000602926 -0.002026021 0.000160818 0.999997735
1317354640.041262 0.098405942 0.060584873 0.739052951 0.000018657 -0.001521649 0.000785643 0.999998569
1317354640.145364 0.104530513 0.099433213 1.090456128 0.001893988 -0.001024105 0.002000855 0.999995708
1317354640.249615 0.188851759 0.116050221 1.408094525 0.000852625 -0.002601742 0.001270397 0.999995470
1317354640.353735 0.207217634 0.152450100 1.718784809 0.000914584 -0.002495684 0.002139084 0.999994218
1317354640.457863 0.274870843 0.204088777 2.088014603 0.000659003 -0.003094633 0.001878205 0.999993265
1317354640.561989 0.304908723 0.219158292 2.410048962 0.000525615 -0.003778998 0.002983189 0.999988258
1317354640.666239 0.358744502 0.266491920 2.791734457 0.001919221 -0.003935807 0.003443333 0.999984503
1317354640.770360 0.385901630 0.294872105 3.106613398 0.002111408 -0.004123792 0.004235246 0.999980390
1317354640.874490 0.442663312 0.320873231 3.482063770 0.001540787 -0.004288861 0.003942189 0.999981821
1317354640.978739 0.482169062 0.351906985 3.810313225 0.001374832 -0.005102142 0.004990100 0.999973595
1317354641.082863 0.527033269 0.377485603 4.174227238 0.000805558 -0.004963615 0.004685274 0.999976397
1317354641.186988 0.566983998 0.401850164 4.494618416 0.001760547 -0.006357659 0.004485727 0.999968171
1317354641.291241 0.603776991 0.428888321 4.845395565 0.003159406 -0.005740406 0.002912586 0.999974310
1317354641.395365 0.621167481 0.463125765 5.200367928 0.003704216 -0.005741213 0.001626724 0.999975324
1317354641.499610 0.626656175 0.506825984 5.571239471 0.004283863 -0.005445948 0.000868689 0.999975622
1317354641.603738 0.625738084 0.550842345 5.934236050 0.004381888 -0.004850221 0.000665324 0.999978423
1317354641.707991 0.611827374 0.601617634 6.315881729 0.003598969 -0.003582405 0.002863799 0.999983013
1317354641.812136 0.597359180 0.650528848 6.666490555 0.003454304 -0.001871936 0.005673902 0.999976218
1317354641.916261 0.548576713 0.710446894 7.048251152 0.006443684 0.000247135 0.007135958 0.999953747
1317354642.020489 0.479491830 0.779383540 7.448885918 0.009626790 0.003191711 0.007706108 0.999918878
1317354642.124742 0.420811325 0.824229598 7.825795650 0.011261550 0.006352267 0.007651398 0.999887168
1317354642.228864 0.360822558 0.896745503 8.207986832 0.011735939 0.009937906 0.008315477 0.999847174
1317354642.333112 0.294679999 0.985175252 8.568156242 0.011708303 0.013735848 0.009748089 0.999789596
1317354642.437237 0.259335399 1.072278500 8.932372093 0.013384459 0.016726168 0.011623545 0.999702990
1317354642.541494 0.327901632 1.109783649 9.218235016 0.015584221 0.015358303 0.013943307 0.999663413
1317354642.645616 0.327119559 1.150712729 9.527140617 0.018111333 0.016697131 0.014409019 0.999592721
1317354642.749867 0.360377461 1.180862784 9.806383133 0.020546969 0.017068837 0.015206730 0.999527574
1317354642.853992 0.368334025 1.231993556 10.128964424 0.022018930 0.018433580 0.014527990 0.999482036
1317354642.958118 0.323693275 1.303923845 10.470806122 0.026238134 0.021481028 0.015484863 0.999305010
1317354643.062363 0.356330633 1.307892084 10.779080391 0.025114747 0.021537445 0.015319277 0.999335170
1317354643.166493 0.351060867 1.329361439 11.103999138 0.024780566 0.022670494 0.016109813 0.999305964
1317354643.270616 0.342431366 1.386055946 11.417839050 0.025599003 0.023935545 0.017777307 0.999227583
1317354643.374741 0.324398100 1.430716157 11.759709358 0.026769120 0.025508292 0.017739529 0.999158740
1317354643.478991 0.293401003 1.478455186 12.097266197 0.028742569 0.028674938 0.019222341 0.998990595
1317354643.583114 0.256630749 1.509845972 12.470938683 0.029687835 0.031326436 0.019781027 0.998872399
1317354643.687237 0.204709291 1.530328035 12.806458473 0.030069230 0.034402113 0.021317592 0.998728156
1317354643.791364 0.192819968 1.572692990 13.219605446 0.032860633 0.036411338 0.025208557 0.998478293
1317354643.895489 0.183123454 1.658684373 13.527791023 0.035199147 0.038015399 0.024745600 0.998350382
1317354643.999615 0.243017495 1.738582850 14.050894737 0.039390910 0.038747471 0.025327099 0.998151064
1317354644.103742 0.285207957 1.724826932 14.494370461 0.036531974 0.039544292 0.025519196 0.998223662
1317354644.207866 0.333975643 1.756911159 14.989234924 0.037958290 0.039871447 0.025604164 0.998155236
1317354644.312011 0.370909274 1.790607810 15.471936226 0.039105497 0.040905505 0.026067171 0.998057127
1317354644.416118 0.405755103 1.817143083 15.938350677 0.039561015 0.041737270 0.027013419 0.997979581
1317354644.520241 0.423467338 1.851065755 16.401447296 0.040735364 0.043474980 0.028336586 0.997821450
1317354644.624368 0.430937231 1.884860277 16.856746674 0.042486034 0.045781814 0.029384091 0.997614920
1317354644.728492 0.463804841 1.898064494 17.217273712 0.043963160 0.047338150 0.030207204 0.997453690
1317354644.832619 0.499898165 1.909353375 17.561605453 0.044530101 0.048853297 0.030607758 0.997343302
1317354644.936867 0.529007137 1.924203873 17.919563293 0.045239158 0.050791498 0.031181777 0.997196794
1317354645.040995 0.583264291 1.933761358 18.256397247 0.045670960 0.051935215 0.032261580 0.997083783
1317354645.145120 0.647006273 1.932450652 18.566192627 0.046176773 0.052688085 0.033099048 0.996993542
1317354645.249240 0.699900925 1.939262033 18.874769211 0.047352593 0.053506568 0.034083579 0.996861637
1317354645.353365 0.711785674 1.964769006 19.239776611 0.049487729 0.056416512 0.034437861 0.996585310
1317354645.457493 0.819127619 1.947841644 19.475103378 0.048366103 0.054639727 0.034094073 0.996751130
1317354645.561604 0.844021440 1.960012913 19.754817963 0.048091557 0.056156863 0.032894239 0.996720433
1317354645.665733 0.950069726 1.940739751 19.997385025 0.045899242 0.054671213 0.031789891 0.996942222
1317354645.769980 0.962862313 1.960206985 20.276380539 0.046205897 0.056823410 0.030291885 0.996854365
1317354645.873979 1.082936764 1.933746815 20.505325317 0.044681896 0.055051468 0.027717380 0.997098148
1317354645.978240 1.149604440 1.938466191 20.783636093 0.045151286 0.054823447 0.026628619 0.997119188
1317354646.082368 1.215405822 1.939619422 21.060821533 0.045132201 0.054960087 0.026166901 0.997124791
1317354646.186374 1.285693407 1.935178041 21.317535400 0.044652831 0.054754566 0.026386933 0.997151852
1317354646.290492 1.316542625 1.938448668 21.541507721 0.045039829 0.055419728 0.027601751 0.997064829
1317354646.394624 1.412554860 1.939929962 21.849609375 0.045969706 0.054563683 0.028027581 0.997057736
1317354646.498747 1.442764282 1.946164370 22.072858810 0.046281971 0.054709297 0.029739238 0.996985734
1317354646.602745 1.533672929 1.941322923 22.379796982 0.046132382 0.053839400 0.029224295 0.997055233
1317354646.706871 1.564858913 1.943317056 22.597948074 0.046295565 0.053810962 0.031083865 0.996992946
1317354646.810995 1.661243677 1.944380999 22.909238815 0.046158988 0.052309543 0.030766591 0.997089028
1317354646.915121 1.684520483 1.945511460 23.128980637 0.045573942 0.052531935 0.032135129 0.997061133
1317354647.019246 1.781296372 1.943575382 23.421079636 0.044981893 0.050622910 0.033567492 0.997139513
1317354647.123371 1.833333373 1.948840737 23.694583893 0.045134384 0.049665082 0.035737563 0.997105360
1317354647.227372 1.889274240 1.953700542 23.962551117 0.045537531 0.049017392 0.037296273 0.997061968
1317354647.331494 1.951897621 1.954464197 24.218906403 0.045985594 0.048073430 0.038648967 0.997035921
1317354647.435620 2.004621744 1.954467058 24.464410782 0.046177488 0.047841627 0.039751910 0.996994793
1317354647.539748 2.058746576 1.957902193 24.726507187 0.046588007 0.047527581 0.040417645 0.996963918
1317354647.643746 2.105082273 1.960964203 24.976890564 0.047039513 0.047544863 0.041325100 0.996904731
1317354647.747870 2.147519112 1.965740919 25.237751007 0.047737509 0.047727555 0.041409802 0.996859312
1317354647.851991 2.187592983 1.970936894 25.487478256 0.047700323 0.048012666 0.041653719 0.996837199
1317354647.956121 2.236006975 1.975669146 25.722652435 0.046981093 0.048042379 0.041886117 0.996860206
1317354648.060119 2.274958372 1.976097941 25.979347229 0.046607453 0.048359219 0.040726349 0.996910512
1317354648.164246 2.329217434 1.974963665 26.211183548 0.047504656 0.048240524 0.041231208 0.996853173
1317354648.268367 2.367382050 1.974596024 26.454650879 0.049131677 0.048688062 0.041355520 0.996747375
1317354648.372498 2.410205364 1.975946784 26.697774887 0.050235737 0.048704002 0.041718028 0.996676445
1317354648.476495 2.454882622 1.974453449 26.922782898 0.049834263 0.048994608 0.042607442 0.996644735
1317354648.580619 2.496845007 1.975534558 27.152355194 0.048904896 0.049553525 0.044183210 0.996594489
1317354648.684746 2.538214684 1.977450848 27.392885208 0.048958842 0.050017785 0.045268793 0.996519983
1317354648.788873 2.578877926 1.982114196 27.620452881 0.050077453 0.050650876 0.046448108 0.996378124
1317354648.893017 2.610070467 1.982654333 27.859897614 0.051558033 0.051335901 0.045569792 0.996308088
1317354648.997122 2.634994268 1.993659019 28.088392258 0.053417839 0.052458301 0.045879349 0.996137500
1317354649.101244 2.685987234 1.985628128 28.293315887 0.052750550 0.053373463 0.043786563 0.996218562
1317354649.205371 2.702686787 1.966814995 28.548397064 0.051013675 0.055138957 0.042978633 0.996248066
1317354649.309498 2.763487816 1.985521674 28.758666992 0.049896963 0.054777581 0.044787381 0.996244848
1317354649.413622 2.796607256 1.989581823 28.986600876 0.049963903 0.055605259 0.045850899 0.996147275
1317354649.517747 2.818400383 2.000997305 29.218849182 0.051084302 0.056822170 0.047435150 0.995947599
1317354649.621870 2.868253231 1.990398645 29.422138214 0.050508704 0.057345655 0.045850921 0.996021092
1317354649.725994 2.894258499 1.993749022 29.635791779 0.050801460 0.058503322 0.045446303 0.995957494
1317354649.830127 2.925539017 1.996698022 29.857156754 0.051464196 0.059662655 0.046118934 0.995823681
1317354649.934248 2.938719511 2.003929377 30.092662811 0.052470647 0.061127037 0.046408024 0.995668948
1317354650.038375 2.970630646 2.005234718 30.301624298 0.052697569 0.062331915 0.047622021 0.995524943
1317354650.142519 2.990613699 2.007712364 30.516704559 0.052353244 0.063166887 0.049133115 0.995417058
1317354650.246623 3.006188393 2.011283159 30.731746674 0.052231036 0.064872250 0.051001824 0.995219767
1317354650.350745 3.035701513 2.012747049 30.925088882 0.051963080 0.065712504 0.051620319 0.995146751
1317354650.454873 3.027018785 2.028562307 31.175962448 0.053225249 0.067224085 0.054909829 0.994802952
1317354650.558995 3.049234629 2.027055264 31.378692627 0.052626509 0.067617618 0.056882616 0.994697273
1317354650.663124 3.039520979 2.011884451 31.646394730 0.053125236 0.069219470 0.060145445 0.994368613
1317354650.767123 3.024560452 2.033440828 31.874208450 0.054769777 0.070464514 0.063318789 0.993994892
1317354650.871250 3.004024744 2.011152267 32.146945953 0.054013968 0.072546236 0.065641180 0.993735790
1317354650.975373 3.021277905 2.092569590 32.369712830 0.057782866 0.072335504 0.069069155 0.993306696
1317354651.079496 2.998339653 2.058869362 32.713581085 0.057706848 0.075310685 0.071200855 0.992939472
1317354651.183624 3.082644224 2.059493065 33.071910858 0.059805695 0.073995486 0.074892089 0.992642522
1317354651.287751 3.123664856 1.985512018 33.416484833 0.057806689 0.074771807 0.077552609 0.992498457
1317354651.391872 3.144304037 1.945973635 33.736904144 0.058969483 0.074655682 0.081793830 0.992098212
1317354651.496000 3.171241522 1.876731992 34.129035950 0.058659524 0.076573417 0.088197507 0.991421580
1317354651.600122 3.192760229 1.825062037 34.448631287 0.058833368 0.076619714 0.101477876 0.990136504
1317354651.704251 3.222538948 1.758315325 34.841640472 0.057890348 0.078098133 0.109669164 0.989202797
1317354651.808379 3.362387657 1.863836646 35.278701782 0.062648140 0.076321624 0.105278365 0.989528537
1317354651.912519 3.484220982 1.862644911 35.720008850 0.064914070 0.076478615 0.104890577 0.989411533
1317354652.016751 3.601068735 1.859427810 36.158161163 0.066143043 0.076788068 0.103220306 0.989481866
1317354652.120895 3.726000786 1.857421279 36.582489014 0.066328831 0.076481201 0.103282429 0.989486694
1317354652.224996 3.849622488 1.851270199 37.003780365 0.064361475 0.076152094 0.105256774 0.989433944
1317354652.329125 3.971887589 1.849601388 37.421321869 0.063170478 0.075613461 0.108305298 0.989222944
1317354652.433371 4.087894917 1.851994514 37.830425262 0.062930606 0.075179003 0.110064462 0.989077210
1317354652.537500 4.201239586 1.852442145 38.238391876 0.063368149 0.074765421 0.110941961 0.988982618
1317354652.641627 4.304290771 1.852886319 38.636367798 0.062929891 0.074955657 0.109942928 0.989107728
1317354652.745750 4.409883976 1.857385874 39.036026001 0.063147597 0.074875392 0.109016806 0.989202380
1317354652.849997 4.507735252 1.863419771 39.448646545 0.064544611 0.075029448 0.107332103 0.989284813
1317354652.954124 4.592351913 1.873839617 39.855152130 0.065382294 0.075644657 0.106365874 0.989287317
1317354653.058252 4.685237885 1.859042168 40.203781128 0.064533226 0.076036029 0.104168333 0.989546835
1317354653.162378 4.754089832 1.869348526 40.628692627 0.065583907 0.076166108 0.103769168 0.989509702
1317354653.266523 4.821712017 1.879222870 41.055145264 0.067676835 0.076074816 0.103763148 0.989376426
1317354653.370626 4.883004189 1.879347563 41.469036102 0.069820099 0.076266609 0.102309205 0.989364147
1317354653.474877 4.955684662 1.872505426 41.843147278 0.070647582 0.076526992 0.099069014 0.989615023
1317354653.579001 5.053749561 1.865405917 42.147747040 0.069271617 0.076337323 0.097012177 0.989930689
1317354653.683127 5.125885963 1.863916039 42.506496429 0.068206072 0.076551527 0.096252084 0.990062296
1317354653.787250 5.208645821 1.864908695 42.832824707 0.066927865 0.076382689 0.096550830 0.990133464
1317354653.891377 5.295311928 1.864217401 43.151100159 0.066900708 0.075887062 0.098272271 0.990004063
1317354653.995502 5.386311531 1.855798721 43.477119446 0.067149431 0.074588306 0.099199504 0.989993453
1317354654.099647 5.469582081 1.852056861 43.798404694 0.070352852 0.073629864 0.098944202 0.989868283
1317354654.203753 5.546396255 1.847016931 44.111824036 0.073278695 0.073118933 0.097353853 0.989851594
1317354654.307881 5.628423214 1.838303804 44.425071716 0.073498793 0.072509490 0.094925590 0.990115881
1317354654.412132 5.700286388 1.826858640 44.746627808 0.072693370 0.072785854 0.093101703 0.990328252
1317354654.516250 5.799509048 1.819100857 45.007305145 0.069980025 0.072009936 0.092183843 0.990666211
1317354654.620379 5.883020401 1.809363842 45.317516327 0.068557747 0.071802169 0.092297457 0.990770161
1317354654.724504 5.969077110 1.805015445 45.620498657 0.068182901 0.071459830 0.092698626 0.990783334
1317354654.828626 6.051987171 1.797717929 45.914215088 0.067898765 0.071322843 0.093699902 0.990718544
1317354654.932749 6.132516384 1.791128516 46.206638336 0.067783110 0.071424253 0.095031150 0.990592301
1317354655.036878 6.215355396 1.784799695 46.502223969 0.068013921 0.071469307 0.096330166 0.990447760
1317354655.141025 6.299294949 1.781361818 46.798751831 0.067833662 0.071510613 0.097831078 0.990310013
1317354655.245128 6.382683277 1.775145650 47.091880798 0.067185044 0.071587801 0.100092053 0.990122676
1317354655.349255 6.463804722 1.770021081 47.381057739 0.067548521 0.071827993 0.101442970 0.989943087
1317354655.453378 6.544312477 1.764818668 47.669113159 0.070139542 0.072259881 0.099909388 0.989887416
1317354655.557524 6.619241238 1.757293105 47.964794159 0.072704002 0.072862208 0.095746234 0.990069628
1317354655.661753 6.690695763 1.751924157 48.271041870 0.071923010 0.073465303 0.091749564 0.990460515
1317354655.765876 6.765754223 1.741240501 48.563983917 0.068644568 0.073876709 0.088482276 0.990959704
1317354655.870003 6.841213226 1.734173298 48.852748871 0.067114241 0.074478418 0.087911226 0.991070271
1317354655.974127 6.918619156 1.729734063 49.152908325 0.067132533 0.074086674 0.089271411 0.990976810
1317354656.078253 6.982742310 1.728397846 49.457439423 0.067960776 0.073910795 0.090952836 0.990780532
1317354656.182376 7.046344757 1.723875642 49.765892029 0.068784736 0.073825203 0.092384852 0.990597546
1317354656.286381 7.117452621 1.718973160 50.050567627 0.069253311 0.073880762 0.091948397 0.990601420
1317354656.390504 7.188552380 1.711083055 50.352470398 0.069091894 0.074024603 0.091302060 0.990661740
1317354656.494634 7.256195545 1.701581955 50.651161194 0.068440191 0.074228451 0.091084599 0.990711749
1317354656.598754 7.317628860 1.696833491 50.947719574 0.069031373 0.074668184 0.091576815 0.990592241
1317354656.702877 7.381395817 1.695899725 51.238628387 0.070061989 0.074945010 0.091974929 0.990462124
1317354656.807002 7.452183247 1.693929672 51.544864655 0.070765629 0.075015672 0.092718154 0.990337491
1317354656.911130 7.482023239 1.661708832 51.815120697 0.069729634 0.076697238 0.092188522 0.990331590
1317354657.015254 7.614218712 1.681646943 52.127597809 0.071058251 0.074365959 0.092742018 0.990363240
1317354657.119380 7.691082001 1.678884625 52.422275543 0.071496487 0.074111976 0.093275450 0.990300655
1317354657.223380 7.743845940 1.648238659 52.725605011 0.070707239 0.074642666 0.093068987 0.990336895
1317354657.327505 7.853399754 1.668850660 53.018764496 0.072226681 0.073084697 0.093546256 0.990298510
1317354657.431627 7.929493427 1.665027976 53.319385529 0.072468147 0.072708726 0.094153881 0.990250885
1317354657.535764 8.016448975 1.658623815 53.613662720 0.072538853 0.071950711 0.095110439 0.990209699
1317354657.639878 8.085536003 1.653008461 53.891216278 0.073052824 0.072560899 0.096138224 0.990028143
1317354657.744005 8.156350136 1.648328304 54.199241638 0.073361404 0.072541304 0.097694933 0.989854336
1317354657.848130 8.209833145 1.651311159 54.527263641 0.073827200 0.073268130 0.100453436 0.989489973
1317354657.952152 8.309162140 1.650829554 54.839683533 0.074208073 0.071527220 0.101944908 0.989436328
1317354658.056256 8.337566376 1.640443325 55.193077087 0.075007379 0.073500283 0.103681728 0.989050925
1317354658.160379 8.403024673 1.613160372 55.556072235 0.075348653 0.073906340 0.105661713 0.988785207
1317354658.264383 8.473157883 1.642655849 55.829010010 0.076162331 0.073647745 0.107451990 0.988549173
1317354658.368508 8.532524109 1.641270280 56.162097931 0.075432517 0.073635496 0.109524906 0.988378525
1317354658.472631 8.569379807 1.630220652 56.516761780 0.075364321 0.074775286 0.111878283 0.988034487
1317354658.576755 8.622734070 1.585627556 56.913539886 0.075961366 0.076392710 0.114575900 0.987555802
1317354658.680758 8.726687431 1.526903033 57.318798065 0.075768098 0.076671004 0.118711546 0.987060428
1317354658.784884 8.887830734 1.481819153 57.821735382 0.074995793 0.075651370 0.121031627 0.986916363
1317354658.889096 9.022319794 1.506898165 58.387954712 0.076079562 0.076190591 0.119963862 0.986922264
1317354658.993154 9.176755905 1.482350111 58.888282776 0.076417960 0.074245602 0.122071020 0.986786008
1317354659.097213 9.322511673 1.484789610 59.439395905 0.076367460 0.074482121 0.120162703 0.987006247
1317354659.201280 9.466735840 1.476534367 59.964908600 0.076711021 0.073789775 0.119920217 0.987061083
1317354659.305383 9.636423111 1.468621969 60.505428314 0.077193819 0.071890391 0.119676486 0.987193227
1317354659.409383 9.729057312 1.458843470 60.992237091 0.077284150 0.073140763 0.120514117 0.986992359
1317354659.513383 9.861895561 1.453666687 61.504344940 0.078084275 0.072522439 0.121467315 0.986858189
1317354659.617505 9.991283417 1.441161990 62.008838654 0.078165963 0.071832575 0.122989729 0.986713588
1317354659.721609 10.109519005 1.428889751 62.500656128 0.078332596 0.071624406 0.124908812 0.986474395
1317354659.825517 10.227207184 1.423326969 62.987129211 0.079891264 0.070976816 0.126148313 0.986238480
1317354659.929633 10.331690788 1.411223412 63.462654114 0.081165135 0.070810057 0.127668217 0.985950828
1317354660.033647 10.461432457 1.395932913 63.877864838 0.080132999 0.070420682 0.128328279 0.985977471
1317354660.137754 10.579820633 1.383647799 64.289863586 0.079349816 0.070309900 0.129031897 0.985956848
1317354660.241808 10.690998077 1.375063777 64.700378418 0.080248699 0.070130847 0.129445180 0.985842645
1317354660.345861 10.798489571 1.363807321 65.105728149 0.081213094 0.070368826 0.129590794 0.985727608
1317354660.449883 10.903017998 1.349798679 65.482986450 0.081279881 0.070863880 0.128728062 0.985799670
1317354660.553886 11.006237984 1.338866115 65.860633850 0.081365056 0.071377635 0.127650023 0.985895753
1317354660.658009 11.111370087 1.324793339 66.242858887 0.081340879 0.071859635 0.126658529 0.985990644
1317354660.762008 11.211520195 1.311670065 66.618667603 0.081545368 0.072461620 0.125916928 0.986024618
1317354660.866046 11.311203957 1.295930624 66.980873108 0.081516162 0.073160127 0.125493124 0.986029565
1317354660.970135 11.414764404 1.286473036 67.347045898 0.082214169 0.073514149 0.125092342 0.985996127
1317354661.074151 11.520198822 1.276443243 67.719497681 0.082854651 0.074017376 0.125476137 0.985856116
1317354661.178258 11.619915962 1.260267973 68.051040649 0.082460299 0.074761473 0.124992266 0.985894501
1317354661.282427 11.733543396 1.243824482 68.403236389 0.081767499 0.074550048 0.125559106 0.985896170
1317354661.386511 11.820302010 1.237522960 68.744995117 0.082026504 0.075189240 0.125552788 0.985826910
1317354661.490511 11.925121307 1.226447344 69.101654053 0.083941907 0.074942008 0.125662997 0.985670507
1317354661.594614 12.035661697 1.216096640 69.450233459 0.085899413 0.074406423 0.126555935 0.985428214
1317354661.698651 12.123755455 1.203814387 69.790657043 0.085826673 0.074157894 0.126220211 0.985496283
1317354661.802633 12.222187996 1.188218713 70.134292603 0.086044438 0.073307939 0.126797125 0.985466838
1317354661.906632 12.318689346 1.179135919 70.478683472 0.086818233 0.072571754 0.127283886 0.985390663
1317354662.010757 12.416935921 1.170045733 70.833465576 0.087660871 0.071666166 0.127486959 0.985356152
1317354662.114759 12.510389328 1.152145863 71.159568787 0.087049529 0.070895605 0.127416223 0.985475183
1317354662.218760 12.608094215 1.140938163 71.500747681 0.087433197 0.069446206 0.127944455 0.985476017
1317354662.322883 12.703096390 1.127570510 71.863784790 0.086736970 0.068649299 0.128706917 0.985494077
1317354662.426904 12.802890778 1.119043827 72.231651306 0.086240068 0.067023240 0.128354788 0.985695481
1317354662.530886 12.883749962 1.104760051 72.546104431 0.085895509 0.068068050 0.127897248 0.985713482
1317354662.634883 12.970219612 1.093770981 72.882522583 0.086242378 0.068704747 0.127869591 0.985642612
1317354662.739008 13.057127953 1.081109643 73.201538086 0.086589634 0.068803191 0.128438517 0.985531330
1317354662.843007 13.142541885 1.068103194 73.519470215 0.087526761 0.068988428 0.129323259 0.985319853
1317354662.947017 13.231353760 1.054328442 73.840026855 0.088967517 0.069152921 0.129926637 0.985099852
1317354663.051157 13.315682411 1.039254427 74.156425476 0.089734420 0.069199309 0.130024418 0.985014141
1317354663.155137 13.399519920 1.024236917 74.466926575 0.090574756 0.067937933 0.129475355 0.985097349
1317354663.259133 13.483727455 1.007452011 74.772644043 0.090139307 0.066465206 0.128904805 0.985312581
1317354663.363137 13.566349030 0.990080059 75.083656311 0.087907597 0.065929703 0.128538802 0.985597968
1317354663.467223 13.650912285 0.976193786 75.399230957 0.086133949 0.065982252 0.129328921 0.985647678
1317354663.571158 13.734206200 0.962823331 75.709106445 0.085841827 0.065908417 0.129638493 0.985637426
1317354663.675134 13.817140579 0.950089455 76.020469666 0.086789720 0.066159323 0.130036205 0.985485196
1317354663.779131 13.900533676 0.935243249 76.330558777 0.086850896 0.066403210 0.130404562 0.985414743
1317354663.883283 13.981543541 0.920601785 76.636199951 0.086591631 0.066502109 0.130466864 0.985422671
1317354663.987285 14.064756393 0.905858874 76.944290161 0.086634330 0.066712812 0.130351797 0.985419869
1317354664.091262 14.148229599 0.891582489 77.249908447 0.087093450 0.067071252 0.129531085 0.985463321
1317354664.195393 14.229102135 0.875901997 77.545288086 0.087286018 0.067486964 0.129199371 0.985461414
1317354664.299385 14.311302185 0.860934019 77.840942383 0.086046197 0.067807719 0.130000010 0.985443115
1317354664.403387 14.394402504 0.846111715 78.138809204 0.085500807 0.067603201 0.130553067 0.985431552
1317354664.507408 14.477810860 0.834618866 78.445770264 0.086663075 0.067584157 0.130881295 0.985287786
1317354664.611512 14.563537598 0.819929838 78.747421265 0.086449869 0.067378975 0.130314171 0.985395730
1317354664.715514 14.645065308 0.806148291 79.059982300 0.087775126 0.067159057 0.129272461 0.985430777
1317354664.819511 14.726802826 0.789604843 79.360855103 0.089551456 0.066834740 0.128228500 0.985429406
1317354664.923512 14.805624008 0.775393844 79.674217224 0.089402281 0.066113792 0.127886340 0.985536039
1317354665.027639 14.888866425 0.759760201 79.983901978 0.087261051 0.064707741 0.127967536 0.985810697
1317354665.131635 14.970078468 0.743144393 80.294326782 0.085396089 0.063549548 0.127795398 0.986071646
1317354665.235763 15.036764145 0.731510282 80.622787476 0.086694553 0.062721141 0.127963588 0.985989571
1317354665.339760 15.103122711 0.717061937 80.969070435 0.088323325 0.061405532 0.128580168 0.985847592
1317354665.443908 15.165129662 0.708604693 81.310417175 0.088371769 0.059989691 0.130318210 0.985702217
1317354665.547888 15.226441383 0.692549765 81.633216858 0.088543072 0.059098084 0.132019937 0.985514224
1317354665.652014 15.252559662 0.686412930 82.017562866 0.090614796 0.060296077 0.134349152 0.984938383
1317354665.756139 15.266251564 0.679999053 82.454666138 0.093168728 0.062576227 0.136431575 0.984271467
1317354665.860264 15.352206230 0.612892389 82.914779663 0.092615992 0.063421026 0.138254479 0.984015107
1317354665.964272 15.450089455 0.605547965 83.364883423 0.094102174 0.063117139 0.139682367 0.983691931
1317354666.068388 15.564381599 0.616600454 83.802543640 0.096497022 0.061822735 0.140448615 0.983433008
1317354666.172390 15.651653290 0.630380094 84.216712952 0.098938167 0.061635010 0.141324297 0.983076692
1317354666.276513 15.739369392 0.628446579 84.639328003 0.100421615 0.061201587 0.143005848 0.982710183
1317354666.380712 15.828692436 0.620984435 85.059432983 0.102495089 0.060797837 0.144173697 0.982350409
1317354666.484637 15.928175926 0.603916764 85.488433838 0.104836978 0.059787583 0.146397531 0.981836259
1317354666.588783 16.010513306 0.588486016 85.934898376 0.105576761 0.059253946 0.148461103 0.981479406
1317354666.692889 16.079195023 0.574648976 86.368797302 0.107117072 0.059103660 0.151249334 0.980895698
1317354666.797021 16.145874023 0.559845686 86.803787231 0.109854944 0.059283730 0.153207362 0.980277956
1317354666.901540 16.203863144 0.541788518 87.262351990 0.112715781 0.059304822 0.155346498 0.979615033
1317354667.005142 16.250911713 0.482184827 87.721954346 0.112844236 0.060282275 0.157830060 0.979143441
1317354667.111663 16.259592056 0.413876534 88.187881470 0.113061078 0.062992662 0.161330804 0.978376985
1317354667.216311 16.252548218 0.344082743 88.649612427 0.114253998 0.066851638 0.166160762 0.977173209
1317354667.317398 16.233669281 0.270693004 89.134445190 0.116063580 0.070819557 0.170973554 0.975849330
1317354667.421555 16.302257538 0.236816227 89.468376160 0.116675548 0.071178645 0.171924964 0.975583076
1317354667.525654 16.378835678 0.209321320 89.781784058 0.117248014 0.071310729 0.172176853 0.975460351
1317354667.629799 16.459428787 0.175843656 90.078918457 0.116827011 0.071441628 0.171074629 0.975695133
1317354667.733880 16.531196594 0.145734906 90.375801086 0.116562106 0.071859859 0.170528173 0.975791752
1317354667.838430 16.601585388 0.114873827 90.670524597 0.116889037 0.072086580 0.170471013 0.975745976
1317354667.942147 16.679618835 0.096164763 90.944374084 0.117683277 0.071976371 0.170476034 0.975657761
1317354668.046269 16.747997284 0.065737784 91.225402832 0.117531635 0.072338201 0.170858487 0.975582361
1317354668.150273 16.827730179 0.041429222 91.495613098 0.116732880 0.072013050 0.170555577 0.975755274
1317354668.254400 16.906209946 0.009422779 91.770240784 0.116282403 0.072138898 0.169622436 0.975962400
1317354668.358966 16.987483978 -0.010126114 92.043090820 0.116635777 0.071840763 0.169948101 0.975885570
1317354668.462675 17.058942795 -0.025985122 92.311904907 0.116991535 0.071998216 0.170477271 0.975739062
1317354668.566820 17.140117645 -0.051321924 92.576118469 0.116423503 0.071347520 0.171065599 0.975751817
1317354668.674692 17.220167160 -0.071280062 92.848106384 0.117251128 0.070993155 0.171852484 0.975540340
1317354668.774924 17.293674469 -0.092650831 93.134910583 0.118240029 0.070959300 0.172790006 0.975257754
1317354668.879063 17.364286423 -0.117885113 93.411010742 0.118414178 0.070969142 0.173788786 0.975058436
1317354668.984206 17.428005219 -0.139008462 93.696273804 0.118011698 0.070862681 0.175703287 0.974771798
1317354669.087283 17.501567841 -0.157719970 93.962509155 0.117454506 0.070257232 0.177761525 0.974509716
1317354669.191301 17.568420410 -0.180792391 94.229171753 0.118204668 0.070298396 0.179209024 0.974150896
1317354669.295400 17.633703232 -0.199042380 94.498649597 0.119394891 0.070075504 0.181266397 0.973640978
1317354669.399535 17.695230484 -0.215043724 94.770759583 0.119904138 0.069682688 0.183668628 0.973156333
