1317354642.020489 0.000000060 0.000000060 -0.000000000 0.000000000 0.000000004 -0.000000001 1.000000000
1317354642.124742 0.089267038 0.032276753 0.678738594 -0.002253274 -0.000704465 -0.003105308 -0.999992430
1317354642.228864 0.118185386 0.107919216 1.276877522 -0.004558984 -0.003704993 -0.005013206 -0.999970198
1317354642.333112 0.180519372 0.191695228 1.476749659 -0.000115101 -0.004800023 -0.003061410 0.999983788
1317354642.437237 0.242662847 0.236517727 2.181271315 0.001122309 -0.002700287 0.002715999 0.999992073
1317354642.541494 0.321112007 0.354698479 2.832052469 0.008374710 -0.003048950 0.005867581 0.999943078
1317354642.645616 0.347004920 0.377588511 2.882473946 0.000042997 -0.013179536 -0.006004874 0.999895155
1317354642.749867 0.371351480 0.442553520 3.569256544 0.004282331 -0.009741470 -0.003287024 0.999938071
1317354642.853992 0.266710430 0.334879607 4.013693810 -0.000450567 -0.002801707 0.000319806 0.999995947
1317354642.958118 0.503194451 0.547514737 4.230824471 -0.000599564 -0.016420463 -0.005767521 0.999848366
1317354643.062363 0.485656768 0.534202635 4.740884781 -0.002829866 -0.013732740 -0.003183948 0.999896705
1317354643.166493 0.445856094 0.422622293 5.077945709 -0.009037979 -0.011535756 0.002203948 0.999890208
1317354643.270616 0.670665324 0.710655570 5.529909134 -0.000906046 -0.018749295 -0.008748675 0.999785602
1317354643.374741 0.733726859 0.747694433 5.997538567 -0.000309764 -0.020340415 -0.007225570 0.999767005
1317354643.478991 0.798404694 0.996191144 6.351854801 0.008713825 -0.022994062 -0.011938952 0.999626338
1317354643.583114 0.936269760 0.937400341 6.768475533 0.001757463 -0.021864232 -0.008531854 0.999723017
1317354643.687237 1.014287353 1.005012035 7.310272217 0.003328364 -0.023679089 -0.009158994 0.999672115
1317354643.791364 0.895672619 1.046092629 7.639243603 0.003178488 -0.018864874 -0.007954966 0.999785364
1317354643.895489 1.178858638 1.127177715 7.935037613 0.004449843 -0.026837500 -0.008460974 0.999594152
1317354643.999615 1.154967904 1.188383222 8.410769463 0.005752173 -0.025712309 -0.007516902 0.999624610
1317354644.103742 1.092924714 1.235994577 8.777188301 0.004689090 -0.022992760 -0.006880893 0.999700963
1317354644.207866 1.404872894 1.277490497 9.072471619 0.006746420 -0.032753170 -0.009391977 0.999396622
1317354644.312011 1.285400987 1.356571794 9.467193604 0.009165036 -0.028838804 -0.008610606 0.999504983
1317354644.416118 1.229605198 1.391465068 9.754983902 0.009359507 -0.027150970 -0.007403854 0.999560118
1317354644.520241 1.612973332 1.371639490 10.192676544 0.007325581 -0.037256796 -0.010457927 0.999224186
1317354644.624368 1.572621465 1.409109354 10.476022720 0.008221807 -0.035670064 -0.008981377 0.999289453
1317354644.728492 1.623582125 1.458556414 10.639272690 0.010192071 -0.037938014 -0.006358551 0.999207914
1317354644.832619 1.781170130 1.407688141 11.096242905 0.006899238 -0.042013858 -0.009982694 0.999043405
1317354644.936867 1.410999298 1.227498531 11.613435745 -0.000774204 -0.028392319 -0.022611191 0.999340773
1317354645.040995 1.454713106 1.245590806 11.951571465 -0.000640049 -0.029012350 -0.023537802 0.999301732
1317354645.145120 1.494262934 1.256849647 12.222352982 -0.000738423 -0.029381951 -0.023385698 0.999294460
1317354645.249240 1.548021317 1.267545104 12.522998810 -0.000609175 -0.030269250 -0.022948561 0.999278188
1317354645.353365 1.571498871 1.284528732 12.781620026 -0.000528745 -0.030558381 -0.022676373 0.999275625
1317354645.457493 1.616847754 1.320933223 13.278027534 -0.000032711 -0.030398136 -0.025257505 0.999218702
1317354645.561604 1.619801879 1.346131325 13.527030945 -0.000381349 -0.029809421 -0.025671339 0.999225855
1317354645.665733 1.630473018 1.369428635 13.776957512 -0.000982647 -0.029107459 -0.026726115 0.999218464
1317354645.769980 1.732365608 1.385394692 14.238548279 -0.001290130 -0.030411718 -0.029031878 0.999114931
1317354645.873979 1.707718253 1.420373440 14.462639809 -0.000966956 -0.028768023 -0.029376360 0.999153972
1317354645.978240 1.689357162 1.454996228 14.707883835 -0.000610849 -0.027333347 -0.029548675 0.999189377
1317354646.082368 1.666553736 1.490321279 14.938737869 -0.000322805 -0.025849858 -0.029692959 0.999224782
1317354646.186374 1.862137794 1.471429229 15.491332054 -0.002106096 -0.030808046 -0.031309012 0.999032617
1317354646.290492 1.840760827 1.505891800 15.731125832 -0.001303153 -0.029870512 -0.030861616 0.999076486
1317354646.394624 1.832695723 1.533075094 15.995223999 -0.000790120 -0.029368797 -0.029746639 0.999125659
1317354646.498747 1.812644124 1.566718102 16.244251251 -0.000026682 -0.028691530 -0.028592100 0.999179304
1317354646.602745 1.987654448 1.551696301 16.743721008 -0.001524769 -0.033769522 -0.030837463 0.998952687
1317354646.706871 1.980175018 1.579829097 17.003925323 -0.001474885 -0.033403855 -0.029557342 0.999003708
1317354646.810995 1.959235430 1.614448190 17.265724182 -0.001218237 -0.032520063 -0.028095517 0.999075413
1317354646.915121 1.972810864 1.638219237 17.525400162 -0.001585872 -0.032941435 -0.027318431 0.999082625
1317354647.019246 2.106659174 1.628114581 17.976757050 -0.001819714 -0.037178010 -0.030068923 0.998854518
1317354647.123371 2.105431318 1.655346870 18.257091522 -0.001508963 -0.037412088 -0.029035406 0.998876929
1317354647.227372 2.095597506 1.684530973 18.529136658 -0.001186711 -0.037490550 -0.027580054 0.998915613
1317354647.331494 2.104669094 1.708270550 18.811595917 -0.000936639 -0.038033545 -0.026570722 0.998922765
1317354647.435620 2.209084988 1.704997063 19.191005707 -0.001148971 -0.041017707 -0.027708175 0.998773575
1317354647.539748 2.231799126 1.725352287 19.492073059 -0.001086617 -0.041405234 -0.027063617 0.998775303
1317354647.643746 2.218329430 1.759573579 19.777275085 -0.000491243 -0.040828843 -0.025813319 0.998832583
1317354647.747870 2.233400106 1.781515718 20.090631485 -0.000658609 -0.041149102 -0.025640072 0.998823822
1317354647.851991 2.226127863 1.814426541 20.394557953 -0.000606094 -0.040469959 -0.025093107 0.998865485
1317354647.956121 2.324252367 1.816377044 20.693069458 -0.001315955 -0.041427597 -0.025213676 0.998822451
1317354648.060119 2.319478750 1.850213766 20.995906830 -0.000736596 -0.040805463 -0.025521670 0.998840868
1317354648.164246 2.317491293 1.881368041 21.295186996 -0.000142180 -0.040588472 -0.025015572 0.998862743
1317354648.268367 2.375222206 1.894434452 21.589689255 -0.000108986 -0.041071098 -0.023395939 0.998882353
1317354648.372498 2.369113684 1.923985839 21.886327744 0.000361822 -0.040547036 -0.021673515 0.998942494
1317354648.476495 2.365629673 1.955013514 22.182544708 0.000665829 -0.040259209 -0.020797005 0.998972595
1317354648.580619 2.365850210 1.985130191 22.463428497 0.000981784 -0.039838962 -0.020965980 0.998985648
1317354648.684746 2.473737001 2.023179293 22.811300278 0.001975370 -0.042353280 -0.021328459 0.998873115
1317354648.788873 2.461458683 2.055267811 23.097330093 0.003212163 -0.041845810 -0.021180408 0.998894393
1317354648.893017 2.437517166 2.089636803 23.374147415 0.004839459 -0.040505461 -0.020248340 0.998962402
1317354648.997122 2.521022081 2.122469425 23.732135773 0.004298467 -0.041357275 -0.018310431 0.998967409
1317354649.101244 2.502708197 2.150498867 24.003671646 0.004206949 -0.039459854 -0.017984724 0.999050438
1317354649.205371 2.485222578 2.177199125 24.269962311 0.003768273 -0.037794854 -0.018552544 0.999106228
1317354649.309498 2.578637600 2.219727516 24.659671783 0.004294105 -0.038726833 -0.019771403 0.999045074
1317354649.413622 2.552272081 2.245004654 24.929939270 0.004501085 -0.037503209 -0.020562226 0.999074817
1317354649.517747 2.604119301 2.276585817 25.266515732 0.005045667 -0.038253807 -0.020578330 0.999043405
1317354649.621870 2.573484421 2.297037125 25.531946182 0.005332630 -0.036560267 -0.020689331 0.999103129
1317354649.725994 2.533587933 2.320788860 25.796371460 0.005752470 -0.034149166 -0.020669686 0.999186456
1317354649.830127 2.505966187 2.343286037 26.053791046 0.006296380 -0.032408405 -0.020245656 0.999249876
1317354649.934248 2.659416914 2.370600700 26.554334641 0.006009473 -0.035299104 -0.020543050 0.999147594
1317354650.038375 2.628175020 2.390020609 26.817159653 0.005925770 -0.033441149 -0.019541049 0.999232113
1317354650.142519 2.687313318 2.406329870 27.195220947 0.005776791 -0.034341261 -0.019903140 0.999195278
1317354650.246623 2.652554750 2.424129963 27.450496674 0.005437946 -0.032525256 -0.019454457 0.999266803
1317354650.350745 2.621050119 2.445290327 27.723112106 0.005361747 -0.031115664 -0.018240048 0.999335051
1317354650.454873 2.730985880 2.454550505 28.160320282 0.005457518 -0.034043621 -0.019357078 0.999217987
1317354650.558995 2.745266199 2.469142914 28.481681824 0.005069284 -0.034463100 -0.019224744 0.999208272
1317354650.663124 2.704073429 2.489843369 28.746267319 0.005145134 -0.033347189 -0.017834764 0.999271512
1317354650.767123 2.690367937 2.518134117 29.062805176 0.005464261 -0.033364452 -0.016377795 0.999294162
1317354650.871250 2.785564184 2.511532545 29.442924500 0.005006721 -0.036298569 -0.018425616 0.999158621
1317354650.975373 2.748961687 2.539990187 29.710781097 0.005322401 -0.035806391 -0.017051525 0.999199092
1317354651.079496 2.732572556 2.567780018 30.004133224 0.005668499 -0.036051784 -0.015649300 0.999211311
1317354651.183624 2.728998184 2.594736338 30.306493759 0.006178594 -0.036605943 -0.014407735 0.999206841
1317354651.287751 2.837475777 2.561187029 30.710821152 0.005084903 -0.038718168 -0.016809093 0.999095857
1317354651.391872 2.824126005 2.588696003 31.001821518 0.005947432 -0.038000818 -0.013829852 0.999164343
1317354651.496000 2.812186003 2.617410660 31.289075851 0.006668577 -0.038139824 -0.010526031 0.999194741
1317354651.600122 2.805302382 2.632697582 31.578187943 0.006654899 -0.038594976 -0.009984244 0.999182940
1317354651.704251 2.902221918 2.603997231 31.977521896 0.006771601 -0.042051665 -0.011686584 0.999024212
1317354651.808379 2.885617733 2.638598442 32.258766174 0.008826813 -0.042536724 -0.009499503 0.999010801
1317354651.912519 2.926550627 2.627245426 32.613567352 0.009237745 -0.043565676 -0.007798179 0.998977482
1317354652.016751 2.912684679 2.654990435 32.897891998 0.009801494 -0.041772734 -0.004820990 0.999067426
1317354652.120895 2.897740841 2.681688547 33.182739258 0.009916951 -0.040197272 -0.002880808 0.999138415
1317354652.224996 2.892100811 2.709583044 33.489524841 0.009520226 -0.039156914 -0.002583672 0.999184430
1317354652.329125 3.014679193 2.692170382 33.876720428 0.007682203 -0.042210814 -0.004797576 0.999067664
1317354652.433371 2.997287273 2.726697683 34.162349701 0.008093446 -0.042173039 -0.004458173 0.999067605
1317354652.537500 2.975233316 2.758516073 34.456207275 0.009035395 -0.042132944 -0.004443455 0.999061346
1317354652.641627 2.946547747 2.794850349 34.736751556 0.009653790 -0.041084100 -0.004140484 0.999100506
1317354652.745750 3.088406086 2.793997049 35.162818909 0.008326618 -0.042258933 -0.004787289 0.999060571
1317354652.849997 3.102607250 2.823539972 35.481323242 0.008951248 -0.042190593 -0.004768351 0.999058127
1317354652.954124 3.074374437 2.856157303 35.745815277 0.009719471 -0.040854990 -0.004210290 0.999108970
1317354653.058252 3.047626972 2.890236616 36.004215240 0.010447911 -0.039852876 -0.004630104 0.999140263
1317354653.162378 3.039273024 2.917549372 36.284713745 0.011671264 -0.039683145 -0.006480310 0.999123156
1317354653.266523 3.157505035 2.938035965 36.704292297 0.011015220 -0.042833056 -0.005395025 0.999006927
1317354653.370626 3.140969992 2.963753223 36.950305939 0.012169855 -0.043036953 -0.005277527 0.998985469
1317354653.474877 3.205009460 3.009143829 37.407176971 0.012175183 -0.043448262 -0.004866827 0.998969674
1317354653.579001 3.194291115 3.031615973 37.645454407 0.011915264 -0.042467430 -0.005214799 0.999013245
1317354653.683127 3.184906960 3.052984476 37.882534027 0.011301330 -0.041746527 -0.006517407 0.999043107
1317354653.787250 3.201755524 3.061434507 38.094238281 0.010252968 -0.042435709 -0.008689746 0.999008894
1317354653.891377 3.298844814 3.130344629 38.713439941 0.010214447 -0.044039104 -0.008194080 0.998944044
1317354653.995502 3.297918558 3.144889832 38.941066742 0.011189622 -0.045927715 -0.009241011 0.998839378
1317354654.099647 3.289787054 3.155332327 39.167732239 0.012859122 -0.046941794 -0.008929698 0.998774946
1317354654.203753 3.282948017 3.166855574 39.396217346 0.014453903 -0.047368802 -0.007234378 0.998746693
1317354654.307881 3.368755579 3.241535902 40.063617706 0.014853344 -0.049282312 -0.004593902 0.998663902
1317354654.412132 3.392188549 3.267059803 40.404438019 0.014454164 -0.048715003 -0.004384323 0.998698592
1317354654.516250 3.392528057 3.273213387 40.624725342 0.013003980 -0.048518874 -0.005719834 0.998721242
1317354654.620379 3.397161245 3.278398037 40.844085693 0.011418783 -0.048577659 -0.007277013 0.998727620
1317354654.724504 3.399875879 3.296448469 41.097640991 0.010780999 -0.048602127 -0.007112138 0.998734713
1317354654.828626 3.478681087 3.361362934 41.768783569 0.011377121 -0.049425423 -0.006323521 0.998693049
1317354654.932749 3.478070498 3.366698980 41.999145508 0.010745266 -0.049093835 -0.005435634 0.998721659
1317354655.036878 3.471234798 3.366895676 42.235664368 0.009948869 -0.048695307 -0.004023199 0.998756051
1317354655.141025 3.467370510 3.368994474 42.468612671 0.009118222 -0.048133064 -0.002647039 0.998795867
1317354655.245128 3.523245573 3.440789700 43.267765045 0.011366271 -0.049971916 -0.003658320 0.998679280
1317354655.349255 3.519686937 3.447979212 43.509826660 0.012151632 -0.050567675 -0.004454839 0.998636782
1317354655.453378 3.508873224 3.455550909 43.769210815 0.013718573 -0.049942598 -0.004342810 0.998648405
1317354655.557524 3.539734602 3.503386021 44.405487061 0.012369588 -0.051415313 -0.000128791 0.998600781
1317354655.661753 3.531817675 3.508487225 44.655101776 0.011515530 -0.049767740 0.000059118 0.998694479
1317354655.765876 3.531947374 3.515001059 44.903343201 0.009907644 -0.048187867 -0.002232942 0.998786688
1317354655.870003 3.528625011 3.547067642 45.175090790 0.008949704 -0.048125718 -0.004816632 0.998789608
1317354655.974127 3.595171213 3.591721296 45.926483154 0.010191614 -0.043388363 -0.002305461 0.999003649
1317354656.078253 3.593385220 3.604521990 46.199600220 0.010436702 -0.044415310 -0.002610323 0.998955250
1317354656.182376 3.597396374 3.619008541 46.463890076 0.010957866 -0.045423776 -0.002628895 0.998904288
1317354656.286381 3.597621441 3.679734230 47.162399292 0.010720652 -0.046205003 -0.003935686 0.998866677
1317354656.390504 3.600611210 3.690899372 47.423278809 0.010499029 -0.046221789 -0.004088439 0.998867631
1317354656.494634 3.606224060 3.703073263 47.677932739 0.010243764 -0.046195477 -0.004549681 0.998869538
1317354656.598754 3.623294115 3.757580280 48.378150940 0.010996670 -0.045868251 -0.005433112 0.998872221
1317354656.702877 3.628232002 3.766788483 48.642013550 0.010992521 -0.046329241 -0.004985084 0.998853326
1317354656.807002 3.638824224 3.785212994 48.922187805 0.011427650 -0.046784360 -0.004374914 0.998830080
1317354656.911130 3.647025585 3.833747387 49.614620209 0.012667252 -0.045828301 -0.005952059 0.998851299
1317354657.015254 3.657292366 3.844774723 49.885375977 0.012626825 -0.046392798 -0.005866321 0.998826265
1317354657.119380 3.668280602 3.857377052 50.163425446 0.012627011 -0.046893585 -0.005644479 0.998804212
1317354657.223380 3.676166058 3.865169287 50.440483093 0.013033179 -0.047412969 -0.005395439 0.998775840
1317354657.327505 3.686275721 3.928345203 51.282577515 0.013768571 -0.045777678 -0.007083463 0.998831689
1317354657.431627 3.699328661 3.940792561 51.571731567 0.013682621 -0.046353981 -0.006442333 0.998810589
1317354657.535764 3.707019329 3.972953081 52.125236511 0.014256910 -0.045564424 -0.007204644 0.998833776
1317354657.639878 3.717287302 3.994142771 52.549388885 0.014516609 -0.045226179 -0.006847146 0.998847842
1317354657.744005 3.734324694 4.008387089 52.867538452 0.014264295 -0.046064224 -0.005820713 0.998819709
1317354657.848130 3.751638889 4.022696018 53.180660248 0.013836933 -0.047080208 -0.004916382 0.998783171
1317354657.952152 3.766614437 4.045829296 53.575229645 0.013993475 -0.046947420 -0.004649132 0.998788536
1317354658.056256 3.763331652 4.074984550 54.265708923 0.014145616 -0.044398423 -0.006461659 0.998892844
1317354658.160379 3.782523870 4.094676018 54.643169403 0.013910359 -0.045006696 -0.005485254 0.998874784
1317354658.264383 3.802850008 4.116228580 55.013919830 0.013494972 -0.045804158 -0.004658692 0.998848498
1317354658.368508 3.798716307 4.138963223 55.567680359 0.012838249 -0.043173552 -0.007241473 0.998958886
1317354658.472631 3.811028004 4.160539150 56.005207062 0.012721363 -0.042812932 -0.007600864 0.998973250
1317354658.576755 3.822714329 4.189383984 56.424263000 0.013371777 -0.043061566 -0.006593534 0.998961210
1317354658.680758 3.837381840 4.219894409 56.836051941 0.014297964 -0.043838546 -0.005032565 0.998923659
1317354658.784884 3.839800835 4.224040508 57.325130463 0.013618530 -0.041426770 -0.006988545 0.999024332
1317354658.889096 3.854057550 4.243038177 57.763782501 0.012995329 -0.041506048 -0.006931589 0.999029696
1317354658.993154 3.868833780 4.277430058 58.211021423 0.013369364 -0.042371307 -0.006442325 0.998991728
1317354659.097213 3.882237911 4.281486988 58.640190125 0.012384632 -0.041621983 -0.007466551 0.999028742
1317354659.201280 3.896322727 4.299096584 59.073925018 0.011810299 -0.041908175 -0.007694062 0.999022067
1317354659.305383 3.907942057 4.333291531 59.550323486 0.011990427 -0.042395465 -0.007030982 0.999004245
1317354659.409383 3.927574396 4.331618309 59.931591034 0.011126082 -0.041451003 -0.008252684 0.999044538
1317354659.513383 3.945003033 4.344630241 60.358692169 0.010649975 -0.041479986 -0.007875279 0.999051571
1317354659.617505 3.953969002 4.379321575 60.842529297 0.010928887 -0.041803032 -0.006819667 0.999042869
1317354659.721609 3.983661890 4.373114109 61.213851929 0.010286243 -0.041700829 -0.008157513 0.999043882
1317354659.825517 4.003442764 4.388175011 61.640335083 0.010556635 -0.042078301 -0.008074868 0.999026000
1317354659.929633 4.021604538 4.403072834 62.066986084 0.010691141 -0.042171508 -0.007480499 0.999025226
1317354660.033647 4.026210785 4.441968918 62.541847229 0.011005862 -0.041957133 -0.006485077 0.999037802
1317354660.137754 4.035025597 4.482554436 63.004142761 0.011192839 -0.041399445 -0.006397996 0.999059558
1317354660.241808 4.080378056 4.455466270 63.340167999 0.009819123 -0.041514508 -0.008749223 0.999051392
1317354660.345861 4.081147671 4.498798370 63.798305511 0.010810737 -0.041248482 -0.007661903 0.999061048
1317354660.449883 4.085230827 4.536752701 64.242706299 0.011394875 -0.040299516 -0.007070078 0.999097705
1317354660.553886 4.128107548 4.518456459 64.604515076 0.010181840 -0.039814856 -0.009466132 0.999110401
1317354660.658009 4.145291805 4.540425301 65.022865295 0.010287201 -0.039226573 -0.009585472 0.999131441
1317354660.762008 4.154747963 4.580732346 65.450942993 0.011250005 -0.038487986 -0.009220705 0.999153197
1317354660.866046 4.163080692 4.633438587 65.891693115 0.012818951 -0.037921116 -0.008725702 0.999160469
1317354660.970135 4.175493240 4.662003994 66.306655884 0.013185428 -0.037561025 -0.008322814 0.999172747
1317354661.074151 4.216202259 4.636181831 66.695755005 0.011124322 -0.036961544 -0.009051529 0.999213815
1317354661.178258 4.234844685 4.661069870 67.115653992 0.011139303 -0.036435917 -0.008553720 0.999237299
1317354661.282427 4.255029202 4.687432289 67.536697388 0.011261720 -0.036095444 -0.008338244 0.999250174
1317354661.386511 4.272174835 4.735386372 67.957031250 0.012804152 -0.035899300 -0.008100191 0.999240577
1317354661.490511 4.280819416 4.759402752 68.359329224 0.013584698 -0.035591647 -0.007190227 0.999248266
1317354661.594614 4.293537140 4.799481869 68.765739441 0.015329377 -0.035672244 -0.005346695 0.999231696
1317354661.698651 4.329261780 4.804405212 69.217498779 0.015487680 -0.036258694 -0.004923771 0.999210358
1317354661.802633 4.350679874 4.835565567 69.633148193 0.016114714 -0.036943752 -0.004368341 0.999177933
1317354661.906632 4.369476795 4.864262104 70.034515381 0.016927913 -0.037691463 -0.003806120 0.999138892
1317354662.010757 4.388335228 4.895058632 70.422103882 0.017790396 -0.038390320 -0.003019763 0.999099851
1317354662.114759 4.416038990 4.912800789 70.852508545 0.017605299 -0.038804706 -0.003110669 0.999086916
1317354662.218760 4.445872784 4.946678638 71.280715942 0.017478600 -0.039633255 -0.003452971 0.999055505
1317354662.322883 4.471285343 4.974861622 71.689575195 0.016996961 -0.040764224 -0.003476589 0.999018192
1317354662.426904 4.495997906 5.003580570 72.098022461 0.016828317 -0.041470427 -0.004117670 0.998989582
1317354662.530886 4.516612053 5.031135559 72.506889343 0.017275173 -0.041180242 -0.004356486 0.998992920
1317354662.634883 4.537501335 5.048007011 72.901748657 0.017177865 -0.041268036 -0.004008333 0.998992443
1317354662.739008 4.555000305 5.081024647 73.328613281 0.018189041 -0.040485453 -0.004535891 0.999004245
1317354662.843007 4.574802399 5.096054554 73.726119995 0.018933048 -0.040779769 -0.004017434 0.998980761
1317354662.947017 4.592275620 5.111076355 74.126296997 0.019885099 -0.041134018 -0.003152789 0.998950779
1317354663.051157 4.616396427 5.144912243 74.578384399 0.021116298 -0.040827025 -0.004287237 0.998933911
1317354663.155137 4.643322945 5.166881561 74.992530823 0.021624396 -0.042435411 -0.004769468 0.998853862
1317354663.259133 4.671671391 5.185097694 75.404739380 0.021086153 -0.043815132 -0.004901834 0.998805106
1317354663.363137 4.700950623 5.198158741 75.814552307 0.019251309 -0.044147342 -0.005249836 0.998825729
1317354663.467223 4.728696346 5.207049370 76.223930359 0.017553966 -0.043935996 -0.005639574 0.998864233
1317354663.571158 4.750596523 5.213737965 76.634132385 0.016890090 -0.043948583 -0.005657539 0.998875022
1317354663.675134 4.765093803 5.223774910 77.026741028 0.016666582 -0.043978591 -0.004912971 0.998881400
1317354663.779131 4.784241199 5.225364208 77.459739685 0.016805731 -0.043244179 -0.004816437 0.998911619
1317354663.883283 4.803487301 5.231617451 77.873779297 0.016489666 -0.042905986 -0.005232437 0.998929322
1317354663.987285 4.822576523 5.238181591 78.288032532 0.016351417 -0.042632405 -0.005765498 0.998940408
1317354664.091262 4.840132236 5.260866642 78.670364380 0.016829245 -0.042208843 -0.005736920 0.998950660
1317354664.195393 4.858630657 5.284254551 79.045982361 0.017052725 -0.041694995 -0.005334577 0.998970628
1317354664.299385 4.874084473 5.264586449 79.536697388 0.015771715 -0.040935636 -0.007029347 0.999012589
1317354664.403387 4.891777992 5.275559902 79.956993103 0.015802907 -0.040925797 -0.008283390 0.999002934
1317354664.507408 4.910822392 5.308697224 80.337768555 0.017176555 -0.041637756 -0.008246533 0.998951137
1317354664.611512 4.930235386 5.354353428 80.712951660 0.018897703 -0.042324644 -0.008325655 0.998890519
1317354664.715514 4.949880600 5.399198055 81.092735291 0.020747932 -0.042177465 -0.008483100 0.998858690
1317354664.819511 4.936188221 5.332879066 81.648658752 0.018842928 -0.041455060 -0.009532923 0.998917162
1317354664.923512 4.949907303 5.347290993 82.071456909 0.017985942 -0.041870475 -0.009424518 0.998916686
1317354665.027639 4.967089176 5.360627174 82.494934082 0.016273895 -0.042667847 -0.009870832 0.998908043
1317354665.131635 4.997013092 5.420907021 82.879661560 0.017087763 -0.043987360 -0.011222917 0.998822987
1317354665.235763 5.020588875 5.483138561 83.271392822 0.018367186 -0.045544755 -0.011399681 0.998728395
1317354665.339760 4.997674465 5.409086227 83.766670227 0.015565637 -0.045048837 -0.010151730 0.998811960
1317354665.443908 5.006167889 5.424615860 84.191711426 0.015103933 -0.045913182 -0.009399999 0.998787045
1317354665.547888 5.038836956 5.500709057 84.591934204 0.017489733 -0.047987353 -0.009048747 0.998653889
1317354665.652014 5.061478615 5.566402912 84.998123169 0.019439768 -0.049241748 -0.008241617 0.998563707
1317354665.756139 5.028560638 5.480401993 85.470527649 0.015630441 -0.046707444 -0.008118297 0.998753369
1317354665.860264 5.034496784 5.499816895 85.898010254 0.015811468 -0.046678212 -0.007387100 0.998757541
1317354665.964272 5.042162418 5.520553112 86.325378418 0.016031167 -0.046736460 -0.006814279 0.998755455
1317354666.068388 5.050049782 5.542419434 86.754119873 0.016417973 -0.046766225 -0.006043551 0.998752654
1317354666.172390 5.083051682 5.626832962 87.178131104 0.019920869 -0.048441000 -0.004673771 0.998616457
1317354666.276513 5.118086815 5.706234455 87.611518860 0.023140455 -0.050209861 -0.003356950 0.998464942
1317354666.380712 5.106441021 5.722703934 88.066802979 0.023460107 -0.049545769 -0.002245512 0.998493791
1317354666.484637 5.082443714 5.636635303 88.475318909 0.018234905 -0.045718599 -0.002150969 0.998785615
1317354666.588783 5.092958927 5.659893513 88.906265259 0.018218068 -0.045899507 -0.001374941 0.998778999
1317354666.692889 5.105769157 5.684340000 89.337326050 0.018321192 -0.046318270 -0.001450389 0.998757660
1317354666.797021 5.114799500 5.707302570 89.768615723 0.018534897 -0.046589233 -0.000770335 0.998741925
1317354666.901540 5.127641201 5.749042988 90.202651978 0.019670552 -0.047278274 0.000834327 0.998687744
1317354667.005142 5.131146431 5.751631737 90.628906250 0.018495155 -0.045960300 0.000666354 0.998771846
1317354667.111663 5.142531872 5.775312901 91.068664551 0.018509714 -0.045542087 0.000572140 0.998790801
1317354667.216311 5.152822495 5.797943115 91.501068115 0.018730618 -0.045319248 0.000836197 0.998796642
1317354667.317398 5.162617683 5.819315910 91.919349670 0.019083096 -0.045382962 0.001369076 0.998786449
1317354667.421555 5.175444603 5.854597569 92.354171753 0.020223862 -0.045917705 0.002499800 0.998737335
1317354667.525654 5.186034203 5.863111019 92.782897949 0.019785184 -0.045348529 0.002006757 0.998773336
1317354667.629799 5.202042580 5.889055252 93.207427979 0.020324236 -0.045701332 0.002103030 0.998746216
1317354667.733880 5.218052387 5.917385578 93.635688782 0.021017162 -0.045976523 0.002016907 0.998719394
1317354667.838430 5.233961105 5.940556526 94.063659668 0.021503186 -0.046170276 0.001970611 0.998700202
1317354667.942147 5.241943836 5.948369026 94.509849548 0.020454578 -0.044713791 0.001737724 0.998788953
1317354668.046269 5.257334232 5.968560219 94.942245483 0.020480009 -0.044637643 0.001669957 0.998791933
1317354668.150273 5.273761749 5.988657475 95.374969482 0.020445403 -0.044377949 0.001230695 0.998804808
1317354668.254400 5.293992519 6.009205341 95.812004089 0.020568622 -0.044430550 0.000699858 0.998800516
1317354668.358966 5.310949802 6.028262138 96.246894836 0.020695295 -0.044363201 0.000494551 0.998801053
1317354668.462675 5.322953224 6.043923378 96.677963257 0.020554667 -0.043922473 0.000343692 0.998823464
1317354668.566820 5.340630531 6.060848236 97.114173889 0.020749319 -0.044008039 -0.000006358 0.998815715
1317354668.674692 5.358428001 6.076850891 97.566795349 0.021018524 -0.044099726 0.000066766 0.998806000
1317354668.774924 5.373960495 6.089686871 97.988136292 0.021076038 -0.043907713 0.000665813 0.998813093
1317354668.879063 5.392965794 6.103372097 98.428375244 0.021010144 -0.043862559 0.001039129 0.998816073
1317354668.984206 5.413490772 6.116158962 98.869682312 0.020651096 -0.043772217 0.000933398 0.998827696
1317354669.087283 5.435675621 6.131513119 99.305213928 0.020583199 -0.043842874 0.000686666 0.998826146
1317354669.191301 5.456665516 6.149079323 99.745292664 0.020913370 -0.044068996 0.001150770 0.998808920
1317354669.295400 5.476017952 6.168886185 100.186172485 0.021419562 -0.044353340 0.002448775 0.998783290
1317354669.399535 5.497113705 6.193223000 100.627754211 0.021958770 -0.044618409 0.003423078 0.998756945
